-880.784111937757
-880.784084498160
-880.784064029675
-880.784063779280
-880.784025856411
-880.784017467734
-880.783997626128
-880.783965709079
-880.783970225923
-880.783914370937
-880.783930079586
-880.783874556893
-880.783884464668
-880.783841708913
-880.783837345135
-880.783807494151
-880.783797324310
-880.783769905151
-880.783756141499
-880.783730975107
-880.783719284311
-880.783697878303
-880.783681521237
-880.783661426106
-880.783644117218
-880.783618239814
-880.783606257565
-880.783569554316
-880.783559976577
-880.783546159966
-880.783535432776
-880.783512716645
-880.783507025087
-880.783454892226
-880.783462019224
-880.783427584241
-880.783409265005
-880.783400300212
-880.783361478462
-880.783350646499
-880.783329240103
-880.783278626994
-880.783288832917
-880.783233027166
-880.783230043251
-880.783188103529
-880.783158921542
-880.783129443433
-880.783089634590
-880.783062718966
-880.783041789032
-880.782992940197
-880.782980178953
-880.782912635031
-880.782900034371
-880.782838651962
-880.782820163026
-880.782764803223
-880.782737384817
-880.782672064089
-880.782652709106
-880.782595487590
-880.782550881460
-880.782496850051
-880.782441098066
-880.782395943382
-880.782314878190
-880.782280124810
-880.782199084143
-880.782151608958
-880.782072777268
-880.781988211210
-880.781904691237
-880.781796575182
-880.781693189108
-880.781575503667
-880.781452834187
-880.781317595002
-880.781174413468
-880.781000517021
-880.780835360614
-880.780647728490
-880.780479258909
-880.780255246247
-880.780017541508
-880.779756096369
-880.779472359888
-880.779172137587
-880.778845443760
-880.778485535018
-880.778099669478
-880.777684007164
-880.777241956485
-880.776801665587
-880.776291348600
-880.775764924484
-880.775217830109
-880.774607031573
-880.773991605543
-880.773427944711
-880.772973230769
-880.772741725526
-880.772923892299
-880.773604049811
-880.774851558052
-880.776658613446
-880.778997979312
-880.781720999593
-880.784699902898
-880.787768341475
-880.790752133199
-880.793493662458
-880.795888493647
-880.797925874752
-880.799691407283
-880.801197858234
-880.802519834318
-880.803669779977
-880.804666904491
-880.805543486055
-880.806312663740
-880.806985824788
-880.807586536122
-880.808115842541
-880.808588081992
-880.809011700813
-880.809395859397
-880.809742136154
-880.810050651842
-880.810339944072
-880.810592176051
-880.810835744201
-880.810963020519
-880.811203131605
-880.811375826096
-880.811563003777
-880.811713377377
-880.811870846016
-880.811989595384
-880.812128364921
-880.812230733805
-880.812346321566
-880.812441631753
-880.812530948057
-880.812611006982
-880.812677665712
-880.812758277805
-880.812784187213
-880.812879581646
-880.812876998541
-880.812971649530
-880.812980754892
-880.813060465320
-880.813068461184
-880.813136278024
-880.813152690201
-880.813194217760
-880.813212840820
-880.813253468181
-880.813259877412
-880.813306409075
-880.813299249004
-880.813342575810
-880.813348328182
-880.813366078955
-880.813391027405
-880.813374794408
-880.813421183315
-880.813392092257
-880.813431235344
-880.813412218839
-880.813429219949
-880.813428183020
-880.813434634116
-880.813441772427
-880.813445494272
-880.813453681064
-880.813448954831
-880.813463326033
-880.813459372424
-880.813465418029
-880.813470411188
-880.813456891920
-880.813465667403
-880.813445697389
-880.813446716693
-880.813413750655
-880.813415779750
-880.813388175653
-880.813380275202
-880.813363327530
-880.813349659035
-880.813333332795
-880.813329778105
-880.813321461605
-880.813314109736
-880.813304644547
-880.813298871214
-880.813309151597
-880.813314004092
-880.813291771282