-881.612112614000 ./refdata/0.rst 0.242529 0.108523
-881.612103878000 ./refdata/1.rst 0.242364 0.108547
-881.612098287000 ./refdata/2.rst 0.242226 0.108558
-881.612094668000 ./refdata/3.rst 0.242116 0.108532
-881.612088559000 ./refdata/4.rst 0.241887 0.108536
-881.612081341000 ./refdata/5.rst 0.241748 0.108575
-881.612074359000 ./refdata/6.rst 0.24156 0.108498
-881.612067169000 ./refdata/7.rst 0.241366 0.108588
-881.612058978000 ./refdata/8.rst 0.241188 0.108512
-881.612050298000 ./refdata/9.rst 0.240976 0.108556
-881.612041864000 ./refdata/10.rst 0.240798 0.108554
-881.612033946000 ./refdata/11.rst 0.240567 0.108521
-881.612025732000 ./refdata/12.rst 0.240371 0.108576
-881.612016893000 ./refdata/13.rst 0.240125 0.108514
-881.612007551000 ./refdata/14.rst 0.23989 0.10858
-881.611997992000 ./refdata/15.rst 0.239659 0.108516
-881.611988439000 ./refdata/16.rst 0.239357 0.108586
-881.611978916000 ./refdata/17.rst 0.239124 0.108516
-881.611968995000 ./refdata/18.rst 0.238754 0.108594
-881.611958624000 ./refdata/19.rst 0.238467 0.108516
-881.611947863000 ./refdata/20.rst 0.238041 0.108607
-881.611936905000 ./refdata/21.rst 0.237674 0.108511
-881.611925816000 ./refdata/22.rst 0.237226 0.108622
-881.611914533000 ./refdata/23.rst 0.236745 0.108512
-881.611902824000 ./refdata/24.rst 0.2363 0.108631
-881.611890673000 ./refdata/25.rst 0.235721 0.108516
-881.611878039000 ./refdata/26.rst 0.235287 0.108637
-881.611865449000 ./refdata/27.rst 0.234666 0.108537
-881.611852700000 ./refdata/28.rst 0.234235 0.108614
-881.611839333000 ./refdata/29.rst 0.233622 0.108585
-881.611824720000 ./refdata/30.rst 0.233131 0.10859
-881.611808758000 ./refdata/31.rst 0.232571 0.108619
-881.611790899000 ./refdata/32.rst 0.232069 0.108587
-881.611770370000 ./refdata/33.rst 0.231548 0.108628
-881.611754078000 ./refdata/34.rst 0.231091 0.108624
-881.611740786000 ./refdata/35.rst 0.230584 0.108595
-881.611721270000 ./refdata/36.rst 0.230071 0.10867
-881.611699678000 ./refdata/37.rst 0.229574 0.108582
-881.611678525000 ./refdata/38.rst 0.229089 0.108659
-881.611658739000 ./refdata/39.rst 0.228535 0.108676
-881.611635965000 ./refdata/40.rst 0.22815 0.108547
-881.611611346000 ./refdata/41.rst 0.227486 0.108802
-881.611589714000 ./refdata/42.rst 0.227207 0.108505
-881.611566728000 ./refdata/43.rst 0.226556 0.108775
-881.611541386000 ./refdata/44.rst 0.226175 0.108559
-881.611513473000 ./refdata/45.rst 0.225635 0.108795
-881.611483682000 ./refdata/46.rst 0.225178 0.108471
-881.611451766000 ./refdata/47.rst 0.22486 0.108942
-881.611424082000 ./refdata/48.rst 0.224245 0.108449
-881.611400020000 ./refdata/49.rst 0.224088 0.10881
-881.611372172000 ./refdata/50.rst 0.223498 0.108631
-881.611340350000 ./refdata/51.rst 0.223188 0.108695
-881.611305852000 ./refdata/52.rst 0.222723 0.108717
-881.611270465000 ./refdata/53.rst 0.222365 0.108639
-881.611235582000 ./refdata/54.rst 0.22196 0.108763
-881.611201837000 ./refdata/55.rst 0.221553 0.108647
-881.611164939000 ./refdata/56.rst 0.221135 0.108742
-881.611125792000 ./refdata/57.rst 0.220679 0.108674
-881.611084702000 ./refdata/58.rst 0.220212 0.108742
-881.611045672000 ./refdata/59.rst 0.219715 0.108683
-881.611007499000 ./refdata/60.rst 0.219173 0.108728
-881.610965912000 ./refdata/61.rst 0.21855 0.108709
-881.610920909000 ./refdata/62.rst 0.217851 0.108716
-881.610873651000 ./refdata/63.rst 0.217076 0.108717
-881.610824215000 ./refdata/64.rst 0.216217 0.108712
-881.610771801000 ./refdata/65.rst 0.21527 0.108726
-881.610715171000 ./refdata/66.rst 0.214308 0.108699
-881.610659301000 ./refdata/67.rst 0.213212 0.108738
-881.610609940000 ./refdata/68.rst 0.212148 0.1087
-881.610550999000 ./refdata/69.rst 0.210818 0.108724
-881.610483210000 ./refdata/70.rst 0.209442 0.10871
-881.610408803000 ./refdata/71.rst 0.207943 0.108717
-881.610327856000 ./refdata/72.rst 0.20638 0.108709
-881.610239387000 ./refdata/73.rst 0.204755 0.108711
-881.610142362000 ./refdata/74.rst 0.203064 0.108703
-881.610035773000 ./refdata/75.rst 0.201329 0.108709
-881.609918464000 ./refdata/76.rst 0.199544 0.108688
-881.609788891000 ./refdata/77.rst 0.197709 0.108725
-881.609645189000 ./refdata/78.rst 0.195887 0.108594
-881.609484267000 ./refdata/79.rst 0.1938 0.108976
-881.609303775000 ./refdata/80.rst 0.192491 0.108093
-881.609128266000 ./refdata/81.rst 0.189868 0.109288
-881.608943416000 ./refdata/82.rst 0.188625 0.108358
-881.608718341000 ./refdata/83.rst 0.186227 0.108826
-881.608462874000 ./refdata/84.rst 0.184281 0.108616
-881.608179679000 ./refdata/85.rst 0.18206 0.10872
-881.607867700000 ./refdata/86.rst 0.179896 0.108687
-881.607524104000 ./refdata/87.rst 0.177627 0.108728
-881.607145921000 ./refdata/88.rst 0.175308 0.108747
-881.606731301000 ./refdata/89.rst 0.1729 0.108809
-881.606279040000 ./refdata/90.rst 0.170418 0.108886
-881.605786845000 ./refdata/91.rst 0.167833 0.109004
-881.605252910000 ./refdata/92.rst 0.165126 0.109178
-881.604680100000 ./refdata/93.rst 0.16229 0.109443
-881.604075417000 ./refdata/94.rst 0.159322 0.109815
-881.603451465000 ./refdata/95.rst 0.156205 0.110361
-881.602833882000 ./refdata/96.rst 0.152955 0.111116
-881.602261566000 ./refdata/97.rst 0.149581 0.112151
-881.601783960000 ./refdata/98.rst 0.146123 0.113446
-881.601457997000 ./refdata/99.rst 0.142588 0.11516
-881.601337889000 ./refdata/100.rst 0.139054 0.117237
-881.601480718000 ./refdata/101.rst 0.13552 0.119315
-881.601951567000 ./refdata/102.rst 0.131984 0.121647
-881.602807477000 ./refdata/103.rst 0.1285 0.124242
-881.604093084000 ./refdata/104.rst 0.125058 0.126997
-881.605814184000 ./refdata/105.rst 0.121666 0.129874
-881.607932836000 ./refdata/106.rst 0.118329 0.132849
-881.610384287000 ./refdata/107.rst 0.115062 0.135923
-881.613058855000 ./refdata/108.rst 0.111887 0.139098
-881.615794217000 ./refdata/109.rst 0.108839 0.142386
-881.618402905000 ./refdata/110.rst 0.105988 0.145801
-881.620741660000 ./refdata/111.rst 0.103462 0.149349
-881.622769672000 ./refdata/112.rst 0.101442 0.152986
-881.624540051000 ./refdata/113.rst 0.100038 0.156602
-881.626121142000 ./refdata/114.rst 0.09913 0.160121
-881.627545409000 ./refdata/115.rst 0.098509 0.163551
-881.628824017000 ./refdata/116.rst 0.098072 0.166904
-881.629965921000 ./refdata/117.rst 0.097755 0.170188
-881.630983672000 ./refdata/118.rst 0.097516 0.173409
-881.631891559000 ./refdata/119.rst 0.097327 0.176569
-881.632703102000 ./refdata/120.rst 0.097174 0.17967
-881.633430528000 ./refdata/121.rst 0.097048 0.182713
-881.634084498000 ./refdata/122.rst 0.096943 0.185698
-881.634673869000 ./refdata/123.rst 0.096854 0.188629
-881.635206206000 ./refdata/124.rst 0.096781 0.191503
-881.635688164000 ./refdata/125.rst 0.096716 0.194321
-881.636125673000 ./refdata/126.rst 0.096669 0.197075
-881.636523670000 ./refdata/127.rst 0.096613 0.199775
-881.636886147000 ./refdata/128.rst 0.096601 0.202391
-881.637216780000 ./refdata/129.rst 0.096508 0.204976
-881.637517440000 ./refdata/130.rst 0.096642 0.207384
-881.637783203000 ./refdata/131.rst 0.096182 0.209968
-881.637981606000 ./refdata/132.rst 0.097181 0.211687
-881.638202289000 ./refdata/133.rst 0.095855 0.214278
-881.638436180000 ./refdata/134.rst 0.096672 0.215943
-881.638641632000 ./refdata/135.rst 0.096382 0.218182
-881.638828926000 ./refdata/136.rst 0.096451 0.220195
-881.639001724000 ./refdata/137.rst 0.096414 0.222171
-881.639160890000 ./refdata/138.rst 0.096404 0.224101
-881.639307661000 ./refdata/139.rst 0.096399 0.22588
-881.639443850000 ./refdata/140.rst 0.096368 0.227727
-881.639570385000 ./refdata/141.rst 0.096381 0.22939
-881.639687000000 ./refdata/142.rst 0.096338 0.231162
-881.639793753000 ./refdata/143.rst 0.096364 0.232802
-881.639890934000 ./refdata/144.rst 0.096307 0.234548
-881.639978852000 ./refdata/145.rst 0.096369 0.23619
-881.640057666000 ./refdata/146.rst 0.096241 0.238049
-881.640125663000 ./refdata/147.rst 0.096442 0.239603
-881.640184040000 ./refdata/148.rst 0.096099 0.241651
-881.640238509000 ./refdata/149.rst 0.09651 0.24312
-881.640291037000 ./refdata/150.rst 0.096096 0.245108
-881.640334960000 ./refdata/151.rst 0.096451 0.246909
-881.640372112000 ./refdata/152.rst 0.096097 0.248681
-881.640404292000 ./refdata/153.rst 0.09642 0.250495
-881.640435551000 ./refdata/154.rst 0.096142 0.252208
-881.640462291000 ./refdata/155.rst 0.096328 0.253921
-881.640485145000 ./refdata/156.rst 0.096194 0.255547
-881.640504050000 ./refdata/157.rst 0.096277 0.257082
-881.640519756000 ./refdata/158.rst 0.096205 0.258402
-881.640532561000 ./refdata/159.rst 0.096265 0.259663
-881.640541698000 ./refdata/160.rst 0.096184 0.260462
-881.640550102000 ./refdata/161.rst 0.096281 0.261368
-881.640558070000 ./refdata/162.rst 0.096167 0.261842
-881.640565641000 ./refdata/163.rst 0.09628 0.262321
-881.640570644000 ./refdata/164.rst 0.096161 0.262471
-881.640573651000 ./refdata/165.rst 0.09628 0.262559
-881.640576790000 ./refdata/166.rst 0.09617 0.262373
-881.640579435000 ./refdata/167.rst 0.096249 0.262284
-881.640581771000 ./refdata/168.rst 0.096214 0.261954
-881.640582741000 ./refdata/169.rst 0.096207 0.261816
-881.640583527000 ./refdata/170.rst 0.096251 0.261567
-881.640583812000 ./refdata/171.rst 0.096192 0.261499
-881.640584286000 ./refdata/172.rst 0.096255 0.261494
-881.640586990000 ./refdata/173.rst 0.096209 0.261478
-881.640588569000 ./refdata/174.rst 0.096238 0.261636
-881.640589614000 ./refdata/175.rst 0.096229 0.261729
-881.640590156000 ./refdata/176.rst 0.096229 0.262035
-881.640590654000 ./refdata/177.rst 0.096241 0.262253
-881.640590751000 ./refdata/178.rst 0.096228 0.2626
-881.640590841000 ./refdata/179.rst 0.096241 0.26306
-881.640592192000 ./refdata/180.rst 0.096226 0.263426
-881.640593294000 ./refdata/181.rst 0.096235 0.26396
-881.640594177000 ./refdata/182.rst 0.096223 0.264269
-881.640594916000 ./refdata/183.rst 0.096226 0.264739
-881.640595883000 ./refdata/184.rst 0.09622 0.264994
-881.640596770000 ./refdata/185.rst 0.096217 0.265397
-881.640596852000 ./refdata/186.rst 0.096218 0.265701
-881.640595408000 ./refdata/187.rst 0.096208 0.265947
-881.640598190000 ./refdata/188.rst 0.096217 0.266336
-881.640600296000 ./refdata/189.rst 0.096202 0.26673
-881.640600997000 ./refdata/190.rst 0.096216 0.267073
-881.640600388000 ./refdata/191.rst 0.09619 0.267513
-881.640601825000 ./refdata/192.rst 0.096211 0.267932
-881.640604707000 ./refdata/193.rst 0.09618 0.268406
-881.640606986000 ./refdata/194.rst 0.096205 0.26897
-881.640608487000 ./refdata/195.rst 0.096168 0.269475
-881.640608627000 ./refdata/196.rst 0.096194 0.270129
-881.640609481000 ./refdata/197.rst 0.096162 0.270525
-881.640610990000 ./refdata/198.rst 0.096187 0.270101
-881.640612003000 ./refdata/199.rst 0.096171 0.270198
-881.640612279000 ./refdata/200.rst 0.096196 0.270768
-881.455339353000 refdata/additional-strange-bond/1.rst 0.309704096 0.160688137
