frame    refPE        modelPE     diff-incl-Vshift     refPE-raw        modelPE-raw
0   0.000000000000 0.000000000000 -0.999785862090 -2312498.685892581008 -136.256940588835
1   0.072042661719 0.437136250301 -1.364879450672 -2312498.613849919289 -135.819804338535
2   0.125782669056 0.097520197232 -0.971523390266 -2312498.560109911952 -136.159420391603
3   0.126440081280 0.430881609485 -1.304227390296 -2312498.559452499729 -135.826058979350
4   0.226006573997 0.380471086246 -1.154250374338 -2312498.459886007011 -135.876469502589
5   0.248031045310 0.434349638439 -1.186104455219 -2312498.437861535698 -135.822590950396
6   0.300125182141 0.602936199051 -1.302596879001 -2312498.385767398868 -135.654004389784
7   0.383923394140 0.528514473146 -1.144376941096 -2312498.301969186869 -135.728426115689
8   0.372064420022 0.716135760580 -1.343857202648 -2312498.313828160986 -135.540804828255
9   0.518711685669 0.761019113925 -1.242093290346 -2312498.167180895340 -135.495921474911
10   0.477468627971 0.681096638800 -1.203413872919 -2312498.208423953038 -135.575843950035
11   0.623243458569 1.074508172140 -1.451050575661 -2312498.062649122439 -135.182432416696
12   0.597230595537 0.710167996222 -1.112723262775 -2312498.088661985472 -135.546772592614
13   0.709485829808 1.219615515176 -1.509915547458 -2312497.976406751201 -135.037325073659
14   0.720942928921 0.872986049813 -1.151828982982 -2312497.964949652087 -135.383954539022
15   0.799316687509 1.278364803715 -1.478833978295 -2312497.886575893499 -134.978575785120
16   0.826017605141 1.075813091564 -1.249581348513 -2312497.859874975868 -135.181127497272
17   0.898006607313 1.299526586241 -1.401305841018 -2312497.787885973696 -134.957414002594
18   0.934143075254 1.257762621768 -1.323405408604 -2312497.751749505755 -134.999177967067
19   1.000217437744 1.357970629862 -1.357539054208 -2312497.685675143264 -134.898969958973
20   1.030911622569 1.389408144707 -1.358282384228 -2312497.654980958439 -134.867532444128
21   1.087113096379 1.436633432284 -1.349306197995 -2312497.598779484630 -134.820307156551
22   1.130058573093 1.494607900895 -1.364335189892 -2312497.555834007915 -134.762332687940
23   1.182818339672 1.515535352461 -1.332502874879 -2312497.503074241336 -134.741405236375
24   1.228262824938 1.575341879754 -1.346864916906 -2312497.457629756071 -134.681598709081
25   1.296203949489 1.602794984312 -1.306376896913 -2312497.389688631520 -134.654145604523
26   1.327663344331 1.612441745572 -1.284564263331 -2312497.358229236677 -134.644498843263
27   1.424027724192 1.700744969916 -1.276503107814 -2312497.261864856817 -134.556195618919
28   1.449174078181 1.623177928137 -1.173789712046 -2312497.236718502827 -134.633762660698
29   1.485449590255 1.749014327943 -1.263350599778 -2312497.200442990754 -134.507926260892
30   1.513613827527 1.641860216856 -1.128032251419 -2312497.172278753482 -134.615080371979
31   1.573255029507 1.780696276648 -1.207227109231 -2312497.112637551501 -134.476244312187
32   1.588198215235 1.574193997476 -0.985781644331 -2312497.097694365773 -134.682746591359
33   1.725073041394 1.930772808439 -1.205485629134 -2312496.960819539614 -134.326167780397
34   1.706361108460 1.497051246755 -0.790476000386 -2312496.979531472549 -134.759889342080
35   1.796770155896 1.798695975915 -1.001711682109 -2312496.889122425113 -134.458244612921
36   1.844867310487 1.678698769028 -0.833617320632 -2312496.841025270522 -134.578241819807
37   1.868404374458 1.728975238075 -0.860356725707 -2312496.817488206550 -134.527965350760
38   1.970330879092 1.675695828271 -0.705150811269 -2312496.715561701916 -134.581244760564
39   1.998770197853 1.774578530727 -0.775594194963 -2312496.687122383155 -134.482362058108
40   2.054972690530 1.617754490566 -0.562567662126 -2312496.630919890478 -134.639186098269
41   2.187857408077 1.866551036175 -0.678479490189 -2312496.498035172932 -134.390389552660
42   2.161061757244 1.637079048538 -0.475803153384 -2312496.524830823764 -134.619861540297
43   2.307579756714 1.768993485988 -0.461199591364 -2312496.378312824294 -134.487947102847
44   2.315414025448 1.807588891985 -0.491960728626 -2312496.370478555560 -134.449351696850
45   2.425526765641 1.676624612679 -0.250883709128 -2312496.260365815368 -134.580315976156
46   2.502144072205 1.960122531556 -0.457764321442 -2312496.183748508804 -134.296818057279
47   2.579538847785 1.706882629886 -0.127129644190 -2312496.106353733223 -134.550057958950
48   2.684056964703 1.935953606924 -0.251682504311 -2312496.001835616305 -134.320986981911
49   2.754723935854 1.923667709219 -0.168729635456 -2312495.931168645155 -134.333272879616
50   2.809675477445 1.874574736081 -0.064685120726 -2312495.876217103563 -134.382365852754
51   2.937928093597 2.053892215445 -0.115749983937 -2312495.747964487411 -134.203048373391
52   2.971432739869 1.917118166079 0.054528711700 -2312495.714459841140 -134.339822422757
53   3.148769306950 2.233670291978 -0.084686847118 -2312495.537123274058 -134.023270296857
54   3.181852339767 2.023100441897 0.158966035780 -2312495.504040241241 -134.233840146939
55   3.343011854682 2.312569026733 0.030656965859 -2312495.342880726326 -133.944371562102
56   3.391554556321 2.238575251889 0.153193442342 -2312495.294338024687 -134.018365336946
57   3.536901718937 2.450829926427 0.086285930420 -2312495.148990862072 -133.806110662408
58   3.608888743911 2.432701063153 0.176401818668 -2312495.077003837097 -133.824239525682
59   3.780388315674 2.636906246058 0.143696207526 -2312494.905504265334 -133.620034342777
60   3.831204823218 2.683045568730 0.148373392398 -2312494.854687757790 -133.573895020105
61   3.981439913623 2.832442720231 0.149211331302 -2312494.704452667385 -133.424497868604
62   4.098553307820 2.962364620827 0.136402824903 -2312494.587339273188 -133.294575968008
63   4.240412772167 3.108646231165 0.131980678913 -2312494.445479808841 -133.148294357670
64   4.386789608747 3.283116537626 0.103887209030 -2312494.299102972262 -132.973824051209
65   4.505343231838 3.418269608330 0.087287761418 -2312494.180549349170 -132.838670980505
66   4.718179893214 3.656734230288 0.061659800836 -2312493.967712687794 -132.600206358547
67   4.809424892534 3.759528748902 0.050110281542 -2312493.876467688475 -132.497411839933
68   5.022197163664 3.980237832431 0.042173469143 -2312493.663695417345 -132.276702756404
69   5.146843262017 4.124083933166 0.022973466761 -2312493.539049318992 -132.132856655669
70   5.353815863840 4.347117166391 0.006912835359 -2312493.332076717168 -131.909823422444
71   5.575844048988 4.545141158473 0.030917028425 -2312493.110048532020 -131.711799430363
72   5.795125738252 4.777808747262 0.017531128900 -2312492.890766842756 -131.479131841574
73   6.078984440304 5.003606846061 0.075591732153 -2312492.606908140704 -131.253333742774
74   6.350424577948 5.251206088415 0.099432627443 -2312492.335468003061 -131.005734500421
75   6.659407703206 5.492324218081 0.167297623035 -2312492.026484877802 -130.764616370754
76   6.981476422865 5.754177393726 0.227513167049 -2312491.704416158143 -130.502763195109
77   7.336546903476 5.989503406272 0.347257635114 -2312491.349345677532 -130.267437182563
78   7.712470020633 6.284035405806 0.428648752737 -2312490.973422560375 -129.972905183029
79   8.169035142288 6.436552892097 0.732696388101 -2312490.516857438721 -129.820387696738
80   8.602653288748 6.914245437722 0.688621988937 -2312490.083239292260 -129.342695151114
81   9.095281430520 6.880486314330 1.215009254100 -2312489.590611150488 -129.376454274505
82   9.537598315161 7.270501653165 1.267310799905 -2312489.148294265848 -128.986438935670
83   10.125743559562 7.420743881426 1.705213816045 -2312488.560149021447 -128.836196707409
84   10.749837351963 7.745400919355 2.004650570518 -2312487.936055229045 -128.511539669480
85   11.436261564028 8.035213769886 2.401261932051 -2312487.249631016981 -128.221726818949
86   12.181211695075 8.406615386481 2.774810446505 -2312486.504680885933 -127.850325202355
87   12.969445346389 8.826900244221 3.142759240078 -2312485.716447234619 -127.430040344614
88   13.827179988846 9.348438118805 3.478956007951 -2312484.858712592162 -126.908502470030
89   14.772120391019 9.980432784747 3.791901744182 -2312483.913772189990 -126.276507804088
90   15.785210366361 10.760100435201 4.025324069070 -2312482.900682214648 -125.496840153634
91   16.876531771850 11.716997332400 4.159748577360 -2312481.809360809159 -124.539943256435
92   18.037135829683 12.890197892627 4.147152074967 -2312480.648756751325 -123.366742696208
93   19.193119582254 14.304321914133 3.889011806032 -2312479.492772998754 -121.952618674703
94   20.532956831623 15.995312804253 3.537858165280 -2312478.152935749386 -120.261627784583
95   21.915083348285 17.960949883512 2.954347602683 -2312476.770809232723 -118.295990705323
96   23.351479629986 20.184082713871 2.167611054025 -2312475.334412951022 -116.072857874964
97   24.955131186172 22.588218207779 1.367127116304 -2312473.730761394836 -113.668722381057
98   26.570932228118 25.103371250914 0.467775115114 -2312472.114960352890 -111.153569337921
99   28.050823742524 27.565527105301 -0.514489224867 -2312470.635068838485 -108.691413483534
100   29.244675196707 29.711404706984 -1.466515372367 -2312469.441217384301 -106.545535881851
101   29.852492212784 31.416105299827 -2.563398949134 -2312468.833400368225 -104.840835289008
102   29.374213350005 31.959504135528 -3.585076647612 -2312469.311679231003 -104.297436453307
103   27.588459802326 30.663313880894 -4.074639940658 -2312471.097432778683 -105.593626707941
104   24.313126915600 26.938069240144 -3.624728186634 -2312474.372765665408 -109.318871348691
105   19.568702978548 20.287349567437 -1.718432450980 -2312479.117189602461 -115.969591021398
106   13.426697897259 10.668368655139 1.758543380030 -2312485.259194683749 -125.588571933696
107   6.277408149559 -1.080638895641 6.358261183111 -2312492.408484431449 -137.337579484477
108   -1.543702477589 -12.512780645698 9.969292306019 -2312500.229595058598 -148.769721234533
109   -9.599887961522 -20.977784780576 10.378110956964 -2312508.285780542530 -157.234725369411
110   -17.433833132964 -26.296800847973 7.863181852920 -2312516.119725713972 -162.553741436809
111   -24.631718202494 -30.068449008538 4.436944943954 -2312523.317610783502 -166.325389597373
112   -30.919347489253 -33.923418815552 2.004285464210 -2312529.605240070261 -170.180359404388
113   -36.268491580151 -38.431273140682 1.162995698441 -2312534.954384161159 -174.688213729517
114   -40.903897240758 -43.135730198332 1.232047095484 -2312539.589789821766 -179.392670787167
115   -44.859084212221 -47.528695511052 1.669825436741 -2312543.544976793230 -183.785636099888
116   -48.329932420980 -51.437555809786 2.107837526715 -2312547.015825001989 -187.694496398621
117   -51.349114748649 -54.827122671076 2.478222060337 -2312550.035007329658 -191.084063259912
118   -53.967065160163 -57.730202704016 2.763351681763 -2312552.652957741171 -193.987143292851
119   -56.268530056346 -60.201965136095 2.933649217658 -2312554.954422637355 -196.458905724930
120   -58.288006068207 -62.309559386555 3.021767456257 -2312556.973898649216 -198.566499975390
121   -60.055390399881 -64.104214719645 3.049038457674 -2312558.741282980889 -200.361155308480
122   -61.632558007259 -65.634570642702 3.002226773353 -2312560.318450588267 -201.891511231537
123   -63.022252010647 -66.941672454871 2.919634582133 -2312561.708144591656 -203.198613043706
124   -64.262116688769 -68.058536179381 2.796633628522 -2312562.948009269778 -204.315476768216
125   -65.374327903613 -69.017322926198 2.643209160495 -2312564.060220484622 -205.274263515033
126   -66.382936265785 -69.838002237491 2.455280109616 -2312565.068828846794 -206.094942826326
127   -67.292085891124 -70.556946895985 2.265075142771 -2312565.977978472132 -206.813887484820
128   -68.102093830239 -71.157482542097 2.055602849768 -2312566.787986411247 -207.414423130932
129   -68.861630579922 -71.746214505705 1.884798063692 -2312567.547523160931 -208.003155094540
130   -69.523865641095 -72.090127604902 1.566476101717 -2312568.209758222103 -208.347068193737
131   -70.163353818469 -72.855855195650 1.692715515091 -2312568.849246399477 -209.112795784485
132   -70.497517791577 -72.288331329977 0.791027676311 -2312569.183410372585 -208.545271918813
133   -71.127929447684 -73.597819667684 1.470104357910 -2312569.813822028693 -209.854760256519
134   -71.581338834018 -73.426153100944 0.845028404837 -2312570.267231415026 -209.683093689779
135   -72.072773835622 -73.831402234727 0.758842537015 -2312570.758666416630 -210.088342823562
136   -72.467579722404 -74.167033512424 0.699667927930 -2312571.153472303413 -210.423974101259
137   -72.881013633683 -74.260255661042 0.379456165268 -2312571.566906214692 -210.517196249877
138   -73.192790099885 -74.704014395987 0.511438434012 -2312571.878682680894 -210.960954984823
139   -73.557129519060 -74.654268317647 0.097352936497 -2312572.243022100069 -210.911208906482
140   -73.825899024028 -75.143077933132 0.317393047014 -2312572.511791605037 -211.400018521967
141   -74.129374690354 -75.096539546221 -0.032621006222 -2312572.815267271362 -211.353480135057
142   -74.379611586686 -75.499331300463 0.119933851687 -2312573.065504167695 -211.756271889298
143   -74.614111542702 -75.539464504486 -0.074432900306 -2312573.300004123710 -211.796405093321
144   -74.824306250084 -75.853723670402 0.029631558228 -2312573.510198831093 -212.110664259237
145   -74.999318745919 -75.923351076895 -0.075753531113 -2312573.685211326927 -212.180291665731
146   -75.210965795908 -76.217639397507 0.006887739509 -2312573.896858376916 -212.474579986343
147   -75.278990946710 -76.225129568255 -0.053647240545 -2312573.964883527718 -212.482070157090
148   -75.529449030757 -76.596438942402 0.067204049555 -2312574.215341611765 -212.853379531237
149   -75.522667088546 -76.458783724342 -0.063669226294 -2312574.208559669554 -212.715724313177
150   -75.771173260175 -76.953824721352 0.182865599088 -2312574.457065841183 -213.210765310188
151   -75.795079388190 -76.739501374504 -0.055363875776 -2312574.480971969198 -212.996441963340
152   -76.004359116312 -77.304711032388 0.300566053986 -2312574.690251697320 -213.561651621223
153   -76.025352257770 -77.030895912287 0.005757792427 -2312574.711244838778 -213.287836501122
154   -76.203405370936 -77.528000039524 0.324808806499 -2312574.889297951944 -213.784940628360
155   -76.246495541651 -77.444594182233 0.198312778492 -2312574.932388122659 -213.701534771068
156   -76.355526147876 -77.746081472618 0.390769462652 -2312575.041418728884 -214.003022061453
157   -76.404420991894 -77.820471075956 0.416264221972 -2312575.090313572902 -214.077411664791
158   -76.511088128202 -78.026777753486 0.515903763194 -2312575.196980709210 -214.283718342321
159   -76.527915563900 -78.164869416343 0.637167990353 -2312575.213808144908 -214.421810005178
160   -76.650084445719 -78.318494551878 0.668624244070 -2312575.335977026727 -214.575435140714
161   -76.631285679061 -78.444836073792 0.813764532642 -2312575.317178260069 -214.701776662628
162   -76.745040208101 -78.648992265810 0.904166195619 -2312575.430932789110 -214.905932854645
163   -76.760143060703 -78.656891745587 0.896962822794 -2312575.446035641711 -214.913832334423
164   -76.806747715455 -78.963767082574 1.157233505029 -2312575.492640296463 -215.220707671409
165   -76.872249871027 -78.848811897519 0.976776164403 -2312575.558142452035 -215.105752486355
166   -76.829630136956 -79.163458184601 1.334042185555 -2312575.515522717964 -215.420398773436
167   -76.951424212661 -79.099323429230 1.148113354479 -2312575.637316793669 -215.356264018065
168   -76.875045639928 -79.196785899073 1.321954397055 -2312575.560938220937 -215.453726487908
169   -76.977815814316 -79.399034242461 1.421432566055 -2312575.663708395325 -215.655974831296
170   -76.927887980826 -79.218283051179 1.290609208262 -2312575.613780561835 -215.475223640014
171   -76.972524394747 -79.594875908557 1.622565651720 -2312575.658416975755 -215.851816497392
172   -76.969801938161 -79.408107022174 1.438519221923 -2312575.655694519170 -215.665047611009
173   -76.986739290413 -79.652847406203 1.666322253700 -2312575.672631871421 -215.909787995038
174   -77.005480926018 -79.654553370568 1.649286582459 -2312575.691373507027 -215.911493959403
175   -77.015252629761 -79.741055944795 1.726017452944 -2312575.701145210769 -215.997996533630
176   -77.036747052334 -79.849601851819 1.813068937395 -2312575.722639633343 -216.106542440654
177   -77.024338327814 -79.805773080390 1.781648890486 -2312575.710230908822 -216.062713669225
178   -77.062069918495 -80.040525896052 1.978670115467 -2312575.747962499503 -216.297466484887
179   -77.051689717919 -79.823802685151 1.772327105142 -2312575.737582298927 -216.080743273986
180   -77.067562453914 -80.084754914485 2.017406598480 -2312575.753455034923 -216.341695503320
181   -77.080671993084 -79.952558265428 1.872100410254 -2312575.766564574093 -216.209498854264
182   -77.045177155174 -80.013884696979 1.968921679715 -2312575.731069736183 -216.270825285814
183   -77.068217185326 -80.001209340729 1.933206293313 -2312575.754109766334 -216.258149929564
184   -77.015785913914 -79.978320000155 1.962748224150 -2312575.701678494923 -216.235260588990
185   -77.018462096341 -79.977229561130 1.958981602699 -2312575.704354677349 -216.234170149965
186   -76.931909763720 -79.925576991662 1.993881365852 -2312575.617802344728 -216.182517580497
187   -76.937237152830 -80.003617397646 2.066594382727 -2312575.623129733838 -216.260557986482
188   -76.864762595855 -79.855277397863 1.990728939918 -2312575.550655176863 -216.112217986698
189   -76.844019962009 -80.004876029314 2.161070205215 -2312575.529912543017 -216.261816618150
190   -76.799523849040 -79.833925535548 2.034615824418 -2312575.485416430049 -216.090866124384
191   -76.763637215365 -79.856000969637 2.092577892182 -2312575.449529796373 -216.112941558472
192   -76.720772671979 -79.811409736229 2.090851202160 -2312575.406665252987 -216.068350325064
193   -76.711439833511 -79.741348969908 2.030123274307 -2312575.397332414519 -215.998289558743
194   -76.689604863059 -79.730723682779 2.041332957631 -2312575.375497444067 -215.987664271615
195   -76.670302530751 -79.694902007909 2.024813615068 -2312575.356195111759 -215.951842596744
196   -76.645451677032 -79.577570698376 1.932333159254 -2312575.331344258040 -215.834511287211
197   -76.630293791182 -79.649461839082 2.019382185809 -2312575.316186372191 -215.906402427917
198   -76.657284936868 -79.689104355943 2.032033556985 -2312575.343177517876 -215.946044944778
199   -76.670025162399 -79.665349489513 1.995538465025 -2312575.355917743407 -215.922290078349
200   -76.611652920023 -79.597576271912 1.986137489800 -2312575.297545501031 -215.854516860747
sysName       refBE         modelBE        diffBE     diffBE(%)
MeCl-1w   -14.71760921   -13.63408238    -1.08352683   7.3621%
MeCl-2w   -44.66211777   -42.32539554    -2.33672223   5.2320%
MeCl-3w   -57.19929877   -53.49217757    -3.70712120   6.4811%
MeCl-4w  -108.06221600  -102.43014188    -5.63207412   5.2119%
OHR-1w   -22.90770037   -21.01470056    -1.89299981   8.2636%
OHR-2w   -60.21384838   -50.05995135   -10.15389703  16.8631%
OHR-3w  -105.52094510   -91.69922800   -13.82171710  13.0986%
OHR-4w  -128.22301190  -105.87776310   -22.34524880  17.4269%
CH2ClR-1w   -11.37731886   -11.51571588     0.13839702   1.2164%
CH2ClR-2w   -40.05239817   -41.08399790     1.03159973   2.5756%
CH2ClR-3w   -76.07808983   -75.59481917    -0.48327066   0.6352%
CH2ClR-4w  -122.33404220  -123.01667017     0.68262797   0.5580%
-----------------------------------------------------------------------
RMSE for potential energy: 2.051125 kJ/mol
regularized RMSE for binding energy: 0.090714
Final score: 11.122546 
